-10.210093
-9.497663
-1.434544
-3.944312
-0.122252
-3.663501
-7.027204
-8.830462
-9.876678
-11.642947
-12.072618
-16.832066
-7.125591
-6.492666
-3.680632
-5.624760
-2.034341
-4.299963
-11.968121
-13.494995
-10.219204
-13.318454
-4.715297
-4.157704
7.615558
5.403290
-4.320337
-6.847502
-6.878068
-3.626453
9.791966
11.433911
-2.495579
-4.666273
-7.073740
-8.827520
-11.782298
0.978672
14.084892
6.794563
0.149307
-5.474974
-8.548273
-10.332973
-9.894014
-10.416245
-6.984048
-12.552258
-10.746801
-10.985754
-9.419700
-9.627787
-7.496026
-8.660315
-16.361420
-10.457212
-4.059921
-6.115314
-2.218949
-4.211615
-8.205746
-9.150948
-11.954378
-8.674784
-8.512506
-12.730593
-6.235524
-4.893556
0.143376
-5.479914
-3.029517
-9.594624
-16.863285
-14.964175
-7.252361
-12.859929
-13.125496
-13.389864
-3.703678
-8.343458
-11.203604
-9.561518
-13.446068
-16.123009
-6.392992
-8.857864
-10.962887
-10.622520
-3.420987
-4.365005
-16.628769
-15.510164
-9.704964
-11.022158
-4.516311
-5.796829
-14.264024
-12.472219
-16.031544
-14.749141
-8.090858
-12.171147
-8.230218
-3.600477
12.610738
4.979109
0.479691
-4.112983
-13.746448
-14.399438
-8.696330
-10.076458
-4.026512
-7.959493
-11.799754
-10.194729
-12.492609
-11.217472
-9.454030
-16.247953
-11.598454
-8.579733
-3.091199
-1.183180
12.381330
5.989640
-16.015043
-11.436300
-3.571393
-6.779027
-8.732859
-10.964025
-9.518784
-6.900520
-10.107881
-8.937908
-5.530214
-10.691528
-8.136721
-7.141180
-7.905964
-5.252038
-4.931591
-10.465003
-14.113966
-12.478439
-1.580912
-0.512121
10.958997
5.798811
-5.888618
-9.000757
-13.773722
-12.691679
-8.459164
-14.304287
-9.805862
-8.249378
-1.936306
-4.694869
-3.184084
-4.387054
-17.813089
-16.826611
-7.790536
-10.270893
-4.069790
-5.882486
-6.590832
-8.982002
-16.734146
-15.509086
-8.500563
-11.564918
-3.653475
-6.621635
-4.413148
-6.671025
-10.120200
-11.714842
-4.095934
-11.401176
-10.114038
-19.823471
-7.932557
-10.657184
-4.104479
-1.493420
10.712328
4.281871
-3.267503
-8.103004
-8.037225
-8.971112
-16.520933
-19.728165
-5.755744
-10.909239
-6.567416
-14.610211
-13.042280
-17.378445
-3.153983
-3.092827
-10.394444
-10.804336
-4.048328
-5.703738
-4.291212
-7.622474
-12.383783
-12.037874
-9.062015
-15.731151
-10.551945
-14.797738
-2.319234
-10.151172
-7.540097
-18.765713
-10.753689
-11.301011
-13.182592
-14.534597
-8.095747
-8.095790
-4.825488
-8.361185
-12.258575
-11.539925
-8.400281
-15.137644
-10.317431
-9.162860
12.020385
-3.038827
-1.854494
-13.197191
-12.631687
-14.165465
-8.721857
-8.961285
-4.878035
-5.882143
-6.710016
-11.660961
-9.758061
-11.130116
-16.975300
-17.376793
-7.696712
-8.490438
-2.273416
-19.049894
-22.713123
-29.452694
-15.847620
-14.491461
-11.294312
-14.217903
-10.275764
-9.036814
-8.899544
-10.319889
-10.524827
-12.243076
-20.776316
-20.228334
-18.307076
-17.330442
-0.659095
-13.030222
-15.487492
-21.670006
-9.376165
-10.011456
-9.456894
-12.359438
-4.773231
-6.419285
-8.857643
-11.680841
-11.101893
-12.990861
-16.587288
-21.648479
-14.300514
-13.048172
-5.350710
-12.606520
-10.891562
-20.876171
-14.355104
-12.110725
-13.666892
-16.187426
-5.027156
-6.821281
-6.299123
-9.513136
-11.457415
-15.453344
-14.655836
-17.389908
-11.243512
-18.627974
-5.923837
-17.134415
-16.618509
-23.878021
-12.060791
-9.546721
-11.391593
-12.235939
-5.921272
0.903962
9.932795
5.059648
-7.758349
-10.443638
-12.163557
-17.035414
-14.887632
-13.296412
-1.956411
-8.839371
-7.983115
-16.157925
-15.844551
-12.478254
-10.335267
-13.890754
-8.743975
-7.079751
-3.782142
-7.303023
-11.337950
-12.178934
-13.366243
-17.733715
-12.145166
-14.207908
-7.518052
-19.694548
-18.341473
-29.699997
-17.354151
-17.886690
-7.541003
-11.821928
-6.978583
-9.430071
-8.200766
-8.584171
-7.272561
-10.491228
-11.220993
-20.500465
-17.986025
-18.947536
-2.619847
-14.308125
-13.609850
-23.116821
-16.559807
-16.997307
-8.483652
-11.595902
-9.251711
-8.966436
-4.405782
-6.448502
-7.558862
-11.035020
-13.241507
-19.374197
-15.465984
-16.404114
1.936211
-6.780913
-3.999957
-14.220797
-11.364809
-15.270944
-7.350235
-8.058258
-3.681167
-6.731324
-9.320042
-11.199810
-4.480976
-6.893600
-14.773322
-16.284121
-8.296041
-11.776628
-10.344236
8.908787
-5.394587
17.529861
-7.773398
8.551996
-7.000394
8.162228
-9.622299
1.939174
-1.786431
3.424261
-1.965112
6.101914
-3.766569
14.524274
-1.539395
4.865300
